18404401,13668789,592,0
1538641,13517634,684,0
7567786,14133865,1126,0
7602205,14378592,208,0
17397578,14831078,416,0
17166988,14459819,474,0
16715630,14516684,58,0
856522,15102585,1041,0
368763,10255585,320,0
8610687,14590320,120,0
14647982,8776387,87,0
2400077,12646945,668,0
340326,15083794,190,0
3259007,14442159,769,0
10600611,14660794,87,0
4629509,14825348,350,0
4549724,14623832,245,0
3078672,13949892,349,0
4852486,13557384,839,0
11143827,12907576,310,0
3737778,14818858,400,0
13877388,14999649,181,0
8287752,14884846,182,0
11768722,14960900,200,0
9334842,14578517,224,0
6831276,14051088,781,0
5390839,14612427,350,0
16999845,15072152,275,0
12768899,14891102,350,0
13034729,14328115,146,0
6437735,14363237,450,0
15166815,14403331,375,0
18631959,14079653,238,0
7887788,14975853,1633,0
6706098,14585047,415,0
18922772,15118393,51,0
19532973,14863704,422,0
3854565,14317411,300,0
75462,15103469,761,0
17586417,15038896,362,0
5600800,14156574,404,0
3950778,14508363,489,0
3157598,14864934,1150,0
15707493,14039628,804,0
7390190,14733196,305,0
4753103,13890905,292,0
2175703,14452772,310,0
1523799,13989956,577,0
3156141,14433719,1806,0
5152284,14448441,163,0
10116126,14027093,1708,0
5743018,14355642,1580,0
16271938,14204280,1220,0
13208928,14221702,502,0
1850797,14241146,1248,0
823611,15154140,1384,0
14653438,15094443,1897,0
4012885,14517189,2144,0
13803481,14788154,1127,0
9577911,14848416,1508,0
15584271,15224633,1362,0
8884814,14984853,1432,0
15014937,15041006,1415,0
58266,14793574,2812,0
10879544,14438365,1556,0
1583739,14604892,1436,0
310043,13960874,2700,0
14820757,14940413,1297,0
13628304,15196404,1842,0
8927667,15005477,1688,0
8202032,14101335,1379,0
12992413,14461021,850,0
13974528,13671287,1494,0
7660712,15221513,1387,0
13706004,14643958,697,0
1523133,14658900,3016,0
188402,15158724,2799,0
8059751,14604843,2055,0
17082147,15055471,1407,0
3921324,14492596,1531,0
6491920,14246384,1352,0
12775595,14357232,1034,0
8111843,14975072,1728,0
4303323,15158536,1855,0
11169776,14499033,834,0
13327348,14769515,1505,0
873537,14571546,1529,0
1743403,14665786,1794,0
3921591,14577177,814,0
12978020,14690054,1553,0
10706459,14814211,2000,0
634696,15019980,1423,0
16532080,14670995,1428,0
13466630,13919760,2309,0
10451666,14535599,1541,0
1930760,14700933,1553,0
788592,15035731,2002,0
957484,14948918,2197,0
10086881,14438663,1586,0
13336685,14494121,2034,0
2728145,15198894,1663,0
291442,14238119,2339,0
4544809,14008205,1888,0
5668338,14732717,1999,0
8578167,15128685,1290,0
10403483,15156353,1381,0
8730173,13545965 , 952,0
639769,14698139,3000,0
1365361,13892126,1742,0
11748164,13722209,1300,0
1916471,13782240, 2530,0
9475465,15214605,1087,0
9152332,14340631,2169,0
10183328  ,14628437  ,2051,0
18863977,15161167,1360,0
7768255,14829787,1790,0
3789569  ,14879654  ,926,0
5995084,14767652,1995,0
10777331,15112309,47,0
9605382  ,15064679  ,1761,0
14562759  ,14931988  ,1876,0
6106300,14970561, 593,0
11186587,14628163,5121,0
 11407652,15175642, 1360,0
346655, 14990618, 1933,0
19418979,14485669,814,0
15000,14403525,761,0
14026243,14182954,85,0
11172237,14439140,1204,0
16949522,14585108,1532,0
5315153,14427634,693,0
5333875,15008347,2175,0
15943532,14356615,1378,0
2914645,  14724753,   1199,0
2331863, 13631703, 999,0
8626404,14917312,1636,0
3075271,15128938, 1849,0
8291228,  15129174,1667,0
 6410527,   13312375, 780,0
8404695,14912489,147,0
11531616,13719995,1785,0
685844,15054206, 561,0
17979369,13324342,171,0
 10493530,14070604, 1267,0
7515766,14359330  ,447,0
1528735  ,14119681  ,2424,0
4782127,14521037,2794,0
2887983  ,14032854  ,1608  ,0
2429239,13647045,993,0
16863823,14729736, 600,0
10183328,14628437 ,2051,0
3789569 ,14879654,926,0
9638085,14688914,135,0
9605382,15064679,1761,0
14562759,14931988,1936,0
1139596,14369746,2024,0
1528735,14119681,2345,0
2887983,14032854,1608,0
13516508,13609821,976,0
15166815,15166815,375,0
6318343,13323141,993,0
14715554,14976535,1036,0
11960668,15212050,1571,0
14066524,14255868,456,0
13791149,14917820,1218,0
12275422,14692792,980,0
12456281,9192521,25,0
16966227,14432284,97,0
11166386,14459640,400,0
2283940,14322359,637,0
10827857,14937942,630,0
12671,14325308,1641,0
17306534,13083851,1442,0
11079078,8698986,159,0
1684429,14223070,900,0
10757562,13564536,1992,0
9869861,14023795,1317,0
1435135,14354640,1315,0
20239302,15176867,1198,0
4726716,13553450,1339,0
9298824,12369130,242,0
15209458,14227100,1084,0
4273796,10114735,100,0
3525902,11980348,839,0
3056813,9944270,3553,0
7818330,9981154,316,0
10956961,10927256,491,0
1398088,9522530,645,0
15182552,13117387,1193,0
2818819,14527060,1712,0
8453765,12237193,2314,0
3431488,12317641,2873,0
14976580,13414493,6310,0
19312948,14384750,9473,0
8087134,8669767,919,0
4143665,14486145,309,0
4415661,9067372,2061,0
16813244,12457852,1881,0
14701062,12237408,2778,0
8332398,14259715,2099,0
10169903,13227681,3129,0
8018331,13788913,168,0
1312245,13343112,1289,0
233475,8743517,1495,0
16205108,11904889,1592,0
16726502,12331006,3073,0
13231064,12535836,863,0
857774,13808767,326,0
18886560,14454537,1903,0
5410832,14221320,1730,0
328840,13758063,2942,0
12138729,13737798,3298,0
14406089,14394274,1272,0
6566679,13882437,102,0
8464493,13923686,54,0
15827876,15088763,363,0
16966828,12505053,24,0
1828777,14689784,444,0
8746583,15000129,447,0
13370751,4424508,58,0
3934378,12293037,200,0
6667139,14223174,443,0
5988081,14691426,639,0
8291228,15129174,1667,0
12820509,15091000,478,0
4891170,12468750,133,0
3170674,13227764,200,0
10091559,14132845,111,0
10938486,15053368,277,0
7370505,13883088,234,0
14956797,14932083,297,0
4736704,14452100,293,0
9934523,15077518,257,0
1294614,14301756,266,0
863821,13851723,350,0
16897136,15013895,350,0
1408501,15062720,226,0
15853597,14712623,189,0
10440779,15147218,350,0
3969503,14937330,349,0
15176287,15026591,264,0
1029898,15041319,349,0
874238,15219801,247,0
4755475,15132151,252,0
12170486,14800240,349,0
8885460,14300569,458,0
10729766,15024379,401,0
10671467,15208427,293,0
5322165,14171858,350,0
2684341,14426531,442,0
9209148,13854296,219,0
12139853,14589249,291,0
8658109,14536023,275,0
11567334,11567334,145,0
9382918,13647557,201,0
129807,14339081,675,0
8034350,14645669,641,0
11869879,14615658,490,0
16109841,14773860,89,0
8043162,11405569,30,0
16645985,14859963,599,0
8616972,14592343,500,0
4719235,14397472,419,0
6263680,14443045,665,0
101066,14435262,620,0
11580887,13990230,290,0
7602205,14378592,208,0
129807,14339081,675,0
8651142,14607733,397,0
7630971,15223750,174,0
8941867,15175845,460,0
11580887,13990230,290,0
4349316,14248444,1098,0
10459974,15191932,1361,0
5465762,15175037,932,0
3521368,14423210,760,0
12182599,15077694,1677,0
2480018,14447715,1277,0
4878830,13884158,952,0
11086845,15076945,1372,0
29429,13655596,1938,0
8130052,14935244,1234,0
5933323,14275902,1631,0
5027418,14957884,1944,0
13428453,14088938,1304,0
1.00E+07,17979369,171,0
5815392,14484948,2142,0
15550436,15042190,17,0
13627808,630677,814,0
10664274,14425566,1684,0
13176152,15077963,943,0
14016575,15225946,1493,0
8786365,15022175,1681,0
13994135,15075890,1757,0
775055,14329752,353,0
522265,15110274,64,0
13954897,14547478,2080,0
147870,14457548,2448,0
5570725,14008067,686,0
13275434,13757823,1418,0
13122595,14701633,2034,0
6289776,13973643,1334,0
8055364,14551882,2019,0
847728,14127373,896,0
7977618,14807007,705,0
3084324,13557407,2447,0
5713709,14866353,793,0
15686336,14764537,1499,0
4202392,14249047,260,0
13422524,15101342,768,0
6763360,14509951,790,0
10566429,15167374,1745,0
362205,15045275,1990,0
8479350,14530395,1849,0
9753600,15173519,1744,0
12983121,14855079,1402,0
13333656,13717377,2049,0
2480018,14447715,149,0
8130052,14935244,40,0
29429,13655596,50,0
13176152,15077963,102,0
7068532,14929079,60,0
10189493,14332565,134,0
847728,14127373,104,0
8055364,14551882,95,0
16788109,14666356,126,0
15686336,14764537,86,0
3084324,13557407,112,0
2434818,14406404,200,0
13333656,13717377,32,0
10524459,14277832,10,0
13122595,14701633,60,0
8172316,14009951,40,0
696572,15048842,1869,0
5213627,14796526,1526,0
10296308,14552407,1105,0
6416293,13991055,938,0
4237436,14925382,2214,0
15966432,15200607,1839,0
16397307,15109185,1861,0
13768351,15156404,1042,0
438264,13818552,1521,0
5893259,13744100,1808,0
9370809,15117513,1368,0
6185076,14627369,789,0
5047881,14806426,1507,0
5466892,13918919,1718,0
10827897,15120535,2184,0
6028978,14865400,1978,0
2994239,15180826,1657,0
3110584,13576028,1439,0
9007774,14540013,1729,0
4598498,15134986,2124,0
16342558,14803494,1411,0
9011209,14535418,2114,0
9665092,14679868,2007,0
11160406,14679705,2045,0
9441248,14614999,2088,0
12002756,15005023,1850,0
6692813,15100279,2138,0
1122727,14989117,1712,0
17048489,15202027,1350,0
12239238,15019843,1913,0
12874586,14297128,1136,0
11121077,14259975,1145,0
10421998,14470550,1761,0
13823929,14559004,1555,0
9103055,14465368,1561,0
3163713,14223165,1268,0
10729004,14614771,2112,0
6060651,14851549,1784,0
3433835,13734459,1418,0
252231,14375870,1228,0
7976002,14633545,1482,0
10599497,14957258,1944,0
4282807,14557314,647,0
7366065,14779884,2011,0
8970744,14471242,1215,0
16379516,14853833,1125,0
2333546,14680624,1814,0
126677,14240582,1588,0
16287132,14685959,2003,0
8486379,15036909,1418,0
5712788,14377569,2150,0
13266188,14847661,1698,0
3993520,15021564,2174,0
2524397,14992786,1709,0
16463421,15063368,1912,0
14949423,14369536,2220,0
17122211,15008969,1920,0
2418821,15143170,1695,0
7682037,15012562,1706,0
10249514,15023156,1970,0
14184157,15176374,1835,0
7460356,15224528,2074,0
5214151,14476910,1168,0
19903998,14926095,17,0
16121536,14825505,555,0
16401385,14062721,561,0
5459712,13455529,134,0
17442453,14983788,195,0
19730637,14741079,499,0
3612948,14399266,240,0
9482274,13772032,615,0
5348870,14373631,125,0
15208855,15078019,618,0
2575123,13910849,281,0
4659687,13681124,187,0
18908434,14371754,416,0
8315738,14374234,699,0
7919553,14444777,433,0
442357,14673362,662,0
19421821,14453579,318,0
9710592,15192840,113,0
6700078,14322202,406,0
13919690,14951487,189,0
5077435,14767049,273,0
7793254,15165255,274,0
16467492,14168506,367,0
13709269,15077534,421,0
12849029,14820410,368,0
4594075,14900163,309,0
12259418,13746368,352,0
12154406,15181799,140,0
16464591,12110692,86,0
11497641,14484668,54,0
10492461,14044652,378,0
11728874,14983906,494,0
3021148,13069167,674,0
3470714,12001432,377,0
11102473,14111012,463,0
5364180,13877942,2509,0
1003737,14728259,200,0
19161690,15066852,1500,0
4562982,14395459,997,0
5684580,14434934,1140,0
11364972,14440201,882,0
6270892,14094988,504,0
369532,10573755,4021,0
11940374,13215036,2143,0
4421277,14461204,6794,0
7339617,8406832,943,0
3086642,12949624,1458,0
4262131,12939779,1966,0
8596373,14994142,1569,0
2102440,10430723,635,0
2050208,10474179,112,0
9294953,15174110,647,0
7479756,12411798,1309,0
4679063,14147090,5313,0
8618283,14126127,1715,0
15040164,11640848,1174,0
10905287,14674754,402,0
8874760,11054064,1700,0
8136856,11571870,1377,0
14898007,11102958,570,0
2362334,10945259,495,0
2713223,14733360,360,0
11563033,14380479,135,0
15292497,12225243,211,0
6695361,14431552,2718,0
7674007,10703442,181,0
5195848,10175054,2219,0
17413700,14920109,2009,0
5632238,14676867,1977,0
10077084,13411936,830,0
8259283,10722966,1409,0
8642858,12046760,1891,0
3871560,10462734,982,0
11724880,15120219,668,0
18415734,14489074,4632,0
5331791,14660472,1350,0
240707,13903487,1906,0
